41 41 41 41 41 41 41 41 41 41 41 41 41 41 41 41 41 41 41 41 41 41 41 41 41 41 41 41 41 41 41 41 41 41 41 41 41 41 41 41 41 41 41 41 41 41 41 41 41 41
41 41 41 41 41 41 41 41 41 41 41 41 40 39 40 41 41 41 41 41 41 41 41 41 41 41 41 41 41 41 41 41 41 41 41 41 41 41 41 41 41 41 41 41 41 41 41 41 41 41
41 41 41 41 41 41 41 41 41 41 41 41 40 39 40 41 41 41 41 41 41 41 41 41 41 41 41 41 41 41 41 41 41 41 41 41 41 41 41 41 41 41 41 41 41 41 41 41 41 41
41 41 41 41 41 41 41 41 41 41 41 41 40 39 40 41 41 41 41 41 41 41 41 41 41 41 41 41 41 41 41 41 41 41 41 41 41 41 41 41 41 41 41 41 41 41 41 41 41 41
41 41 41 41 41 41 41 41 41 41 41 41 40 39 40 41 41 41 41 41 41 41 41 41 41 41 41 41 41 41 41 41 41 41 41 41 41 41 41 41 41 41 41 41 41 41 41 41 41 41
41 41 41 41 41 41 41 41 41 41 41 41 40 39 40 41 41 41 41 41 41 41 41 41 41 41 41 41 41 41 41 41 41 41 41 41 41 41 41 41 41 41 41 41 41 41 41 41 41 41
41 41 41 41 41 41 41 41 41 41 41 41 40 39 40 41 41 41 41 41 41 41 41 41 41 41 41 41 41 41 41 41 41 41 41 41 41 41 41 41 41 41 41 41 41 41 41 41 41 41
41 41 41 41 41 41 41 41 41 41 41 10 10 10 10 10 41 10 10 10 10 41 41 41 41 10 10 10 10 10 10 41 41 41 41 10 41 41 10 10 41 41 41 41 41 41 41 41 41 41
41 41 41 41 41 41 41 41 41 41 10 10 10 10 10 10 10 10 10 10 10 41 41 41 10 10 10 10 10 10 10 10 41 41 10 10 10 41 10 10 41 41 41 41 41 41 41 41 41 41
41 41 41 41 41 41 41 41 41 41 10 10 10 10 10 10 10 10 41 10 10 10 41 41 10 10 10 10 10 10 10 10 41 41 10 10 10 41 10 10 41 41 41 41 41 41 41 41 41 41
41 41 41 41 41 41 41 41 41 41 10 10 10 41 41 41 41 41 41 10 10 10 41 41 41 41 10 41 41 10 10 10 10 41 10 10 10 41 10 10 41 41 41 41 41 41 41 41 41 41
41 41 41 41 41 41 41 41 41 41 10 10 10 41 41 41 41 41 41 10 10 10 41 41 10 10 10 41 41 10 10 41 41 41 10 10 41 41 10 10 41 41 41 41 41 41 41 41 41 41
41 41 41 41 41 41 41 41 41 41 10 10 41 41 41 41 41 41 41 10 41 10 41 41 10 10 10 41 41 10 10 10 41 41 10 10 10 41 10 10 41 41 41 41 41 41 41 41 41 41
41 41 41 41 41 41 41 41 41 41 10 10 10 41 41 41 10 10 10 10 10 10 41 41 10 41 41 41 41 10 10 10 41 41 10 10 10 41 10 10 41 41 41 41 41 41 41 41 41 41
41 41 41 41 41 41 41 41 41 41 10 10 10 41 41 10 10 10 10 10 10 10 41 41 10 10 41 41 41 10 10 10 10 10 10 10 10 41 10 10 41 41 41 41 41 41 41 41 41 41
41 41 41 41 41 41 41 41 41 41 10 10 10 41 41 10 10 10 10 10 10 41 41 41 10 10 10 41 41 10 10 41 10 10 10 10 41 41 10 10 41 41 41 41 41 41 41 41 41 41
41 41 41 41 41 41 41 41 41 41 10 10 10 41 41 10 10 10 41 41 41 41 41 41 10 10 10 41 41 41 10 10 10 10 10 10 10 41 10 10 41 41 41 41 41 41 41 41 41 41
41 41 41 41 41 41 41 41 41 41 41 10 41 41 41 41 10 10 41 41 41 41 41 41 41 10 10 41 41 41 41 41 41 41 10 10 10 41 41 10 41 41 41 41 41 41 41 41 41 41
41 41 41 41 41 41 41 41 41 41 41 41 41 41 41 10 10 41 41 41 41 41 41 41 10 10 10 41 41 41 41 41 41 41 10 10 10 41 41 10 41 41 41 41 41 41 41 41 41 41
41 41 41 41 41 41 41 41 41 41 41 41 41 41 41 41 10 10 41 41 10 10 41 10 10 10 10 41 41 41 10 41 41 41 41 10 10 41 10 10 41 41 41 41 41 41 41 41 41 41
41 41 41 41 41 41 41 41 41 41 41 10 10 10 10 41 10 41 41 10 10 10 10 10 10 10 10 41 41 10 10 10 41 41 10 10 10 41 10 10 41 41 41 41 41 41 41 41 41 41
41 41 41 41 41 41 41 41 41 41 10 10 10 10 10 10 10 10 41 10 10 10 10 10 10 10 10 41 41 10 10 10 41 41 10 10 10 41 10 10 41 41 41 41 41 41 41 41 41 41
41 41 41 41 41 41 41 41 41 41 10 10 10 10 10 10 10 10 41 10 41 10 10 41 10 10 41 41 41 10 10 10 41 41 10 41 10 41 10 10 41 41 41 41 41 41 41 41 41 41
41 41 41 41 41 41 41 41 41 41 10 10 10 41 41 10 10 41 41 10 41 10 10 41 10 10 41 41 41 41 10 10 41 41 10 10 10 41 10 10 41 41 41 41 41 41 41 41 41 41
41 41 41 41 41 41 41 41 41 41 10 10 41 41 41 10 10 10 41 10 10 10 41 41 41 10 10 10 10 41 10 10 41 10 10 10 41 41 10 10 41 41 41 41 41 41 41 41 41 41
41 41 41 41 41 41 41 41 41 41 10 10 41 41 41 10 10 10 41 10 10 10 41 41 41 10 10 41 10 41 10 10 10 10 10 10 41 10 10 41 41 41 41 41 41 41 41 41 41 41
41 41 41 41 41 41 41 41 41 41 41 10 10 10 41 41 10 41 41 10 10 10 41 41 10 10 10 41 10 41 10 10 10 10 10 41 41 10 10 41 41 41 41 41 41 41 41 41 41 41
41 41 41 41 41 41 41 41 41 41 41 10 10 41 41 41 41 41 41 10 10 10 41 41 10 10 10 41 10 41 10 10 41 41 41 41 41 41 10 41 41 41 41 41 41 41 41 41 41 41
41 41 41 41 41 41 41 41 41 41 41 10 10 41 41 41 41 41 41 41 41 10 41 41 41 10 41 41 10 41 10 10 41 41 41 41 41 41 10 41 41 41 41 41 41 41 41 41 41 41
41 41 41 41 41 41 41 41 41 41 10 10 10 41 41 41 10 10 41 41 10 10 41 41 41 41 41 41 10 41 10 10 41 41 41 10 41 41 10 10 41 41 41 41 41 41 41 41 41 41
41 41 41 41 41 41 41 41 41 41 10 10 10 41 41 10 10 10 41 10 10 10 41 10 10 41 41 10 10 41 10 10 41 41 10 10 10 41 10 10 41 41 41 41 41 41 41 41 41 41
41 41 41 41 41 41 41 41 41 41 10 10 41 41 41 10 10 10 10 10 10 10 41 41 10 41 41 41 41 41 10 10 41 41 10 10 10 10 10 10 41 41 41 41 41 41 41 41 41 41
41 41 41 41 41 41 41 41 41 41 10 10 10 10 10 10 10 10 10 41 41 10 41 41 10 10 41 41 41 41 41 41 41 41 10 10 10 10 10 10 41 41 41 41 41 41 41 41 41 41
41 41 41 41 41 41 41 41 41 41 10 10 10 10 10 10 10 10 41 41 10 10 41 41 10 10 10 41 41 41 41 41 41 41 10 10 41 41 10 10 41 41 41 41 41 41 41 41 41 41
41 41 41 41 41 41 41 41 41 41 10 10 41 10 10 10 10 10 41 41 10 10 41 41 10 10 10 41 41 10 10 10 41 41 10 10 41 41 10 10 41 41 41 41 41 41 41 41 41 41
41 41 41 41 41 41 41 41 41 41 10 10 41 41 41 41 10 10 41 10 10 10 41 41 10 10 10 41 41 10 10 10 41 41 10 10 10 41 10 10 41 41 41 41 41 41 41 41 41 41
41 41 41 41 41 41 41 41 41 41 10 10 10 41 41 10 10 10 41 10 10 10 41 41 10 10 10 41 41 10 10 10 41 41 10 10 10 41 10 10 41 41 41 41 41 41 41 41 41 41
41 41 41 41 41 41 41 41 41 41 10 10 10 41 41 10 10 10 41 10 10 10 10 10 10 10 10 41 10 10 41 10 10 10 10 10 10 41 10 10 41 41 41 41 41 41 41 41 41 41
41 41 41 41 41 41 41 41 41 41 41 10 10 41 41 10 10 10 41 10 10 10 10 10 10 10 10 10 10 10 41 10 10 10 10 10 10 41 10 10 41 41 41 41 41 41 41 41 41 41
41 41 41 41 41 41 41 41 41 41 41 10 10 41 41 10 10 10 41 10 10 10 10 10 10 10 10 41 10 10 10 10 10 10 10 10 10 41 10 10 41 41 41 41 41 41 41 41 41 41
41 41 41 41 41 41 41 41 41 41 41 10 10 41 41 10 10 10 41 41 10 41 41 41 41 41 41 41 41 10 10 10 41 41 10 10 10 41 10 10 41 41 41 41 41 41 41 41 41 41
41 41 41 41 41 41 41 41 41 41 41 10 41 41 41 41 10 41 41 41 41 41 41 41 41 41 41 41 41 41 10 41 41 41 41 10 41 41 10 10 41 41 41 41 41 41 41 41 41 41
41 41 41 41 41 41 41 41 41 41 41 41 41 41 41 41 41 41 41 41 41 41 41 41 41 41 41 41 41 41 41 41 41 41 41 41 41 41 41 41 41 41 41 41 41 41 41 41 41 41
41 41 41 41 41 41 41 41 41 41 41 41 41 41 41 41 41 41 41 41 41 41 41 41 41 41 41 41 41 41 41 41 41 41 41 41 41 41 41 41 41 41 41 41 41 41 41 41 41 41
41 41 41 41 41 41 41 41 41 41 41 41 41 41 41 41 41 41 41 41 41 41 41 41 41 41 41 41 41 41 41 41 41 41 41 41 41 41 41 41 41 41 41 41 41 41 41 41 41 41
41 41 41 41 41 41 41 41 41 41 41 41 41 41 41 41 41 41 41 41 41 41 41 41 41 41 41 41 41 41 41 41 41 41 41 41 41 41 41 41 41 41 41 41 41 41 41 41 41 41
41 41 41 41 41 41 41 41 41 41 41 41 41 41 41 41 41 41 41 41 41 41 41 41 41 41 41 41 41 41 41 41 41 41 41 41 41 41 41 41 41 41 41 41 41 41 41 41 41 41
41 41 41 41 41 41 41 41 41 41 41 41 41 41 41 41 41 41 41 41 41 41 41 41 41 41 41 41 41 41 41 41 41 41 41 41 41 41 41 41 41 41 41 41 41 41 41 41 41 41
41 41 41 41 41 41 41 41 41 41 41 41 41 41 41 41 41 41 41 41 41 41 41 41 41 41 41 41 41 41 41 41 41 41 41 41 41 41 41 41 41 41 41 41 41 41 41 41 41 41
41 41 41 41 41 41 41 41 41 41 41 41 41 41 41 41 41 41 41 41 41 41 41 41 41 41 41 41 41 41 41 41 41 41 41 41 41 41 41 41 41 41 41 41 41 41 41 41 41 41