12 12 12 12 12 12 12 12 12 12 12 12 12 12 12 12 12 12 12 12 12 12 12 12 12 12 12 12 12 12 12 12 12 12 12 12 13 12 12 12 12 12 12 12 12 12 12 12 12 12
12 12 12 12 12 12 12 12 12 12 12 12 12 12 12 12 12 12 12 12 12 12 12 12 12 12 12 12 12 12 12 12 12 12 12 12 13 12 12 12 12 12 12 12 12 12 12 12 12 12
12 12 12 12 12 12 12 12 12 12 12 12 12 12 12 12 12 12 12 12 12 12 12 12 13 12 12 12 12 12 12 12 12 12 12 12 12 12 12 12 12 12 12 12 12 12 12 12 12 12
12 12 12 12 12 12 12 12 12 12 12 12 12 12 12 12 12 13 12 12 12 12 12 12 12 12 12 12 12 12 13 12 12 12 12 12 12 12 12 12 12 12 12 12 12 12 12 12 12 12
12 12 12 12 12 12 12 13 12 12 12 12 12 12 12 12 12 12 12 12 12 12 12 12 12 12 12 12 12 12 12 12 12 12 12 12 12 12 13 12 12 12 12 13 12 12 12 12 12 12
12 12 12 12 12 12 12 12 12 12 12 12 12 22 20 20 20 20 20 20 23 12 12 12 12 12 12 12 12 22 20 20 20 20 20 20 23 12 12 12 12 12 12 12 12 12 12 12 12 12
12 12 12 12 12 12 12 12 12 12 12 22 20 21 10 10 10 10 10 10 19 20 20 23 12 12 12 22 20 21 10 10 10 10 10 41 19 20 20 23 12 12 12 12 12 12 12 12 12 12
12 12 12 12 12 12 12 12 12 12 12 18 41 41 41 41 41 41 41 10 10 10 10 17 12 12 12 18 41 10 10 40 40 40 40 40 40 40 10 17 12 12 12 12 12 12 12 12 12 12
12 12 12 12 12 12 12 12 12 12 12 18 41 40 40 40 40 40 41 10 10 10 10 17 12 12 12 18 41 10 10 40 10 10 10 10 10 40 10 17 12 12 12 12 12 12 12 12 12 12
12 12 12 12 12 12 12 12 12 12 12 18 41 40 39 39 39 40 41 10 10 10 10 17 12 12 12 18 10 10 10 40 10 10 10 10 10 40 10 19 23 12 12 12 12 13 12 12 12 12
12 12 12 12 12 12 12 12 12 12 12 18 41 40 39 39 39 40 41 10 10 10 10 17 12 12 12 18 10 10 10 40 10 10 10 10 10 40 10 10 17 12 12 12 12 12 12 12 12 12
12 12 12 12 12 13 12 12 12 12 12 18 41 40 39 39 39 40 41 10 10 10 10 17 12 12 12 18 10 10 10 40 10 10 10 10 10 40 10 10 17 12 12 12 12 12 12 12 12 12
12 12 12 12 12 12 12 12 12 12 12 18 41 40 40 39 40 40 41 10 10 10 10 17 49 49 49 18 10 10 10 10 10 10 10 10 10 40 10 41 17 12 12 12 12 12 12 12 12 12
12 12 12 12 12 12 12 12 12 12 12 18 41 41 41 10 41 41 41 10 10 10 10 46 50 50 50 46 10 10 10 10 10 10 10 10 10 40 10 41 17 12 12 12 12 12 12 12 12 12
12 12 12 12 12 12 12 12 12 12 12 18 10 10 10 10 10 10 10 10 10 10 10 48 51 51 51 48 10 10 10 40 10 10 10 10 10 40 10 41 17 12 12 12 12 12 12 12 12 12
12 12 12 12 12 12 12 12 12 12 12 18 10 10 10 10 10 10 10 10 10 10 10 17 12 12 12 18 10 10 10 40 40 40 40 40 40 40 10 41 17 12 13 12 12 12 12 12 12 12
12 12 12 12 12 12 12 12 12 12 12 24 15 16 41 10 10 10 10 10 10 10 10 17 12 12 12 18 10 10 10 10 10 10 10 10 10 10 10 41 17 12 12 12 12 12 12 12 12 12
12 12 12 12 12 12 12 12 13 12 12 12 12 18 41 10 10 10 10 10 10 10 10 17 12 12 12 18 41 10 10 10 10 10 10 10 10 10 10 41 17 12 12 12 12 12 12 12 12 12
12 12 12 12 12 12 12 12 12 12 12 12 12 24 15 15 15 15 15 15 15 15 15 25 12 12 12 24 15 15 15 15 15 15 15 16 10 14 15 15 25 12 12 12 12 12 12 12 12 12
12 12 12 12 12 12 12 12 12 12 12 12 12 12 12 12 12 12 12 12 12 12 12 12 12 12 12 12 12 12 12 12 12 12 12 18 10 17 12 12 12 12 12 12 12 12 13 12 12 12
12 12 12 12 12 12 12 12 12 12 12 12 12 12 12 12 12 12 12 12 12 12 12 12 12 12 12 12 12 12 12 12 12 12 12 18 10 17 12 12 12 12 12 12 12 12 12 12 12 12
12 12 12 12 12 12 12 12 12 12 12 12 12 12 12 12 12 12 12 12 12 12 12 12 12 12 12 12 12 12 12 12 12 12 12 18 10 17 12 12 12 12 12 12 12 12 12 12 12 12
12 12 12 12 12 12 12 12 12 12 12 12 12 22 20 20 20 20 20 20 23 12 12 12 12 12 12 12 12 22 20 20 20 20 20 21 10 19 20 23 12 12 12 12 12 12 12 12 12 12
12 12 12 12 12 12 12 12 12 12 12 22 20 21 10 10 10 10 10 41 19 20 20 23 12 12 12 22 20 21 10 10 10 10 10 41 10 41 10 17 12 12 12 12 12 12 12 12 12 12
12 12 12 12 12 12 12 12 12 12 12 18 41 10 10 40 40 40 40 40 40 40 10 17 12 12 12 18 10 10 10 10 10 10 10 10 10 10 10 17 12 12 12 12 12 12 12 12 12 12
12 12 12 12 12 12 12 12 12 12 12 18 41 10 10 40 10 10 10 10 10 40 10 17 12 12 12 18 10 10 10 10 10 10 10 10 10 10 10 17 12 12 12 12 12 13 12 12 12 12
12 12 12 12 12 12 12 12 12 12 12 18 10 41 10 40 10 10 10 10 10 40 10 17 12 12 12 18 10 10 41 10 10 10 10 10 10 10 10 17 12 12 12 12 12 12 12 12 12 12
12 12 12 12 12 13 12 12 12 12 12 18 10 10 10 10 10 10 10 10 10 10 10 17 12 12 12 18 10 10 10 10 10 10 10 10 10 10 10 17 12 12 12 12 12 12 12 12 12 12
12 12 12 12 12 12 12 12 12 12 12 18 10 10 10 10 10 10 10 10 10 10 10 19 20 20 20 21 10 10 10 10 41 10 10 10 10 10 10 17 12 12 12 12 12 12 12 12 12 12
12 12 12 12 12 12 12 12 12 12 12 18 10 10 10 10 10 10 10 41 10 10 10 10 10 10 10 10 10 10 10 10 10 10 10 10 10 10 10 17 12 12 12 12 12 12 12 12 12 12
12 12 12 12 12 12 12 12 12 12 12 18 10 10 41 10 10 10 10 10 10 10 10 14 15 15 15 16 10 10 10 41 10 10 10 10 41 10 10 17 12 12 12 12 12 12 12 12 12 12
12 12 12 12 12 12 12 12 12 12 12 18 10 10 10 10 10 10 10 10 10 41 10 17 12 12 12 18 10 10 10 10 10 10 10 10 10 10 10 17 12 12 13 12 12 12 12 12 12 12
12 12 12 12 12 12 12 12 12 12 12 24 15 16 41 10 10 10 10 10 10 10 10 17 12 12 12 18 10 10 10 10 10 10 10 10 10 10 41 17 12 12 12 12 12 12 12 12 12 12
12 12 12 12 12 12 12 12 13 12 12 12 12 18 41 10 41 10 10 10 10 41 41 17 12 12 12 18 10 10 10 10 10 10 10 10 10 41 41 17 12 12 12 12 12 12 12 12 12 12
12 12 12 12 12 12 12 12 12 12 12 12 12 24 15 15 15 15 15 15 15 15 15 25 12 12 12 24 15 15 15 15 15 15 15 15 15 15 15 25 12 12 12 12 12 12 12 12 12 12
12 12 12 12 12 12 12 12 12 12 12 12 12 12 12 12 12 12 12 12 12 12 12 12 12 12 12 12 12 12 12 12 12 12 12 12 12 12 12 12 12 12 12 12 12 12 13 12 12 12
12 12 12 12 12 12 12 12 12 12 12 12 12 12 12 12 12 12 12 12 12 12 12 12 12 12 12 12 12 12 12 12 12 12 12 12 12 12 12 12 12 12 12 12 12 12 12 12 12 12
12 12 12 12 12 12 12 12 12 12 12 12 12 12 12 12 12 12 12 12 12 12 12 12 12 12 12 12 12 12 12 12 12 12 12 12 12 12 12 12 12 12 12 12 12 12 12 12 12 12
12 12 12 12 12 12 12 12 12 12 12 12 12 12 12 12 12 12 12 12 12 12 12 12 12 12 12 12 12 12 12 12 12 12 12 12 12 12 12 12 12 12 12 12 12 12 12 12 12 12
12 12 12 12 12 12 12 12 12 12 12 12 12 12 12 12 12 12 12 12 12 12 12 12 12 12 12 12 12 12 12 12 12 12 12 12 12 12 12 12 12 12 12 12 12 12 12 12 12 12
12 12 12 12 12 12 12 12 12 12 12 12 12 12 12 12 12 12 12 12 12 12 12 12 12 12 12 12 12 12 12 12 12 12 12 12 12 12 12 12 12 12 12 12 12 12 12 12 12 12
12 12 12 12 12 12 12 12 12 12 12 12 12 12 12 12 12 12 12 12 12 12 12 12 12 12 12 12 12 12 12 12 12 12 12 12 12 12 12 12 12 12 12 12 12 12 12 12 12 12
12 12 12 12 12 12 12 12 12 12 12 12 12 12 12 12 12 12 12 12 12 12 12 12 12 12 12 12 12 12 12 12 12 12 12 12 12 12 12 12 12 12 12 12 12 12 12 12 12 12
12 12 12 12 12 12 12 12 12 12 12 12 12 12 12 12 12 12 12 12 12 12 12 12 12 12 12 12 12 12 12 12 12 12 12 12 12 12 12 12 12 12 12 12 12 12 12 12 12 12
12 12 12 12 12 12 12 12 12 12 12 12 12 12 12 12 12 12 12 12 12 12 12 12 12 12 12 12 12 12 12 12 12 12 12 12 12 12 12 12 12 12 12 12 12 12 12 12 12 12
12 12 12 12 12 12 12 12 12 12 12 12 12 12 12 12 12 12 12 12 12 12 12 12 12 12 12 12 12 12 12 12 12 12 12 12 12 12 12 12 12 12 12 12 12 12 12 12 12 12
12 12 12 12 12 12 12 12 12 12 12 12 12 12 12 12 12 12 12 12 12 12 12 12 12 12 12 12 12 12 12 12 12 12 12 12 12 12 12 12 12 12 12 12 12 12 12 12 12 12
12 12 12 12 12 12 12 12 12 12 12 12 12 12 12 12 12 12 12 12 12 12 12 12 12 12 12 12 12 12 12 12 12 12 12 12 12 12 12 12 12 12 12 12 12 12 12 12 12 12
12 12 12 12 12 12 12 12 12 12 12 12 12 12 12 12 12 12 12 12 12 12 12 12 12 12 12 12 12 12 12 12 12 12 12 12 12 12 12 12 12 12 12 12 12 12 12 12 12 12
12 12 12 12 12 12 12 12 12 12 12 12 12 12 12 12 12 12 12 12 12 12 12 12 12 12 12 12 12 12 12 12 12 12 12 12 12 12 12 12 12 12 12 12 12 12 12 12 12 12